upper:
[-73.959006, 40.758317], [-73.994583, 40.773366], [-73.951184, 40.834150], [-73.946300, 40.844470], [-73.947073, 40.850736], [-73.927956, 40.876927], [-73.925299, 40.877966], [-73.922295, 40.877186], [-73.919720, 40.874913], [-73.915685, 40.874847], [-73.911479, 40.873353], [-73.910450, 40.871730], [-73.910795, 40.868873], [-73.913631, 40.864850], [-73.923593, 40.853428], [-73.930715, 40.842260], [-73.934580, 40.835573], [-73.934148, 40.827000], [-73.933380, 40.809397], [-73.929427, 40.803420], [-73.928227, 40.798612], [-73.928830, 40.794779], [-73.935350, 40.791075], [-73.939299, 40.785292], [-73.943203, 40.783017], [-73.943675, 40.781067], [-73.941744, 40.776290], [-73.946015, 40.771090], [-73.959006, 40.758317]

lower:

[-73.970935, 40.726483], [-73.976786, 40.710613], [-73.998154, 40.707988], [-74.011065, 40.700432], [-74.015583, 40.700790], [-74.019724, 40.705857], [-74.010951, 40.742890], [-73.970935, 40.726483]

midtown:
[-73.994559, 40.773368], [-73.958771, 40.758179], [-73.971396, 40.743423], [-73.972339, 40.735620], [-73.974143, 40.735259], [-73.971572, 40.729015], [-73.971745, 40.726804], [-74.011393, 40.743395], [-74.007003, 40.754842], [-73.994559, 40.773368]

(40.758317, -73.959006), (40.773366, -73.994583), (40.834150, -73.951184)